0
-5
-9
21
144
327
578
795
949
986
948
797
583
302
-6
-310
-594
-806
-957
-993
-956
-804
-591
-308
-3
304
586
799
949
986
948
797
583
302
-6
-310
-594
-806
-957
-993
-956
-804
-591
-308
-3
304
586
799
950
987
949
798
585
303
-5
-309
-593
-806
-957
-993
-956
-804
-591
-308
-3
304
586
799
950
987
949
798
584
302
-6
-310
-594
-806
-957
-993
-956
-804
-591
-308
-3
304
586
799
949
986
948
797
583
302
-5
-309
-592
-804
-955
-992
-956
-805
-593
-310
-5
303
584
798
948
985
947
797
583
302
-6
-310
-594
-806
-958
-994
-958
-806
-593
-309
-5
303
585
798
949
987
950
799
585
303
-4
-309
-592
-804
-955
-992
-956
-805
-592
-309
-4
304
586
799
949
986
948
797
584
303
-5
-309
-593
-806
-958
-994
-957
-805
-592
-308
-4
303
585
798
949
987
950
799
585
303
-5
-310
-593
-805
-956
-992
-955
-804
-591
-308
-3
304
585
798
948
985
948
798
585
304
-4
-309
-592
-805
-957
-993
-956
