0
-5
-9
21
145
327
580
797
952
990
952
801
588
306
-1
-307
-589
-802
-953
-991
-953
-802
-589
-307
-1
306
588
801
952
990
952
801
588
306
0
-307
-589
-802
-953
-991
-953
-802
-589
-307
-1
306
588
801
952
990
952
801
588
306
-1
-307
-589
-802
-953
-991
-953
-802
-589
-307
0
306
588
801
952
990
952
801
588
306
0
-307
-589
-802
-953
-991
-953
-802
-589
-307
0
306
588
801
952
990
952
801
588
306
-1
-307
-589
-802
-953
-991
-953
-802
-589
-307
-1
306
588
801
952
990
952
801
588
306
0
-307
-589
-802
-953
-991
-953
-802
-589
-307
0
306
588
801
952
990
952
801
588
306
-1
-307
-589
-802
-953
-991
-953
-802
-589
-307
-1
306
588
801
952
990
952
801
588
306
0
-307
-589
-802
-953
-991
-953
-802
-589
-307
0
306
588
801
952
990
952
801
588
306
-1
-307
-589
-802
-953
-991
-953
-802
-589
-307
0
306
588
801
952
990
952
801
588
306
0
-307
-589
-802
-953
-991
-953
