0
0
0
-11
-23
71
411
763
958
749
867
789
612
315
-6
266
-272
-747
-380
-891
-987
-848
-732
-345
-410
218
606
239
714
952
624
751
603
692
281
-252
15
-689
-988
-675
-898
-806
-643
-332
-3
-282
264
740
373
885
980
841
725
339
402
-224
-613
-246
-721
-958
-632
-757
-612
-698
-290
246
-23
682
981
669
890
800
635
326
-5
277
-271
-747
-379
-891
-987
-848
-732
-345
-410
218
606
239
714
952
624
751
603
692
282
-251
16
-688
-987
-675
-899
-807
-644
-333
-4
-282
263
739
372
884
979
841
724
338
402
-224
-613
-246
-722
-959
-633
-758
-613
-698
-291
245
-23
682
981
669
891
801
635
326
-4
278
-269
-745
-378
-890
-987
-848
-732
-346
-410
217
605
238
713
952
623
751
604
693
282
-251
16
-688
-988
-675
-898
-807
-643
-333
-5
-284
262
739
371
884
980
841
724
339
402
-223
-611
-244
-719
-957
-630
-756
-611
-697
-289
246
-23
681
979
668
890
800
635
326
-5
276
-271
-746
-381
-892
-988
